50 20061228094451 2.2 36.11 128.11
49 20061220011819 2.1 37.14 129.90
48 20061210013952 2.5 33.06 126.22
47 20061204005141 2.7 36.46 127.92
46 20061126030534 2.4 34.14 127.48
45 20061112081934 2.9 38.59 125.12
44 20061111011601 2.4 35.97 127.45
43 20061025181425 2.6 33.36 125.75
42 20061022140916 2.2 37.13 125.98
41 20061016141258 2.4 37.35 124.88
40 20061004052922 2.2 36.67 127.67
39 20060929230752 3.4 34.10 124.90
38 20060920141533 2.1 34.62 128.81
37 20060920000311 2.6 35.92 129.56
36 20060826074416 2.2 37.21 128.81
35 20060809081619 2.3 35.70 124.80
34 20060807141833 2.8 35.60 124.63
33 20060801125736 2.0 35.74 127.82
32 20060726025038 2.0 35.80 127.88
31 20060725232918 2.5 35.79 127.89
30 20060724024417 2.0 37.17 126.32
29 20060718144953 2.0 36.13 126.65
28 20060601115801 2.4 34.60 128.16
27 20060508065915 2.4 36.22 129.54
26 20060430095004 2.5 37.05 129.84
25 20060429110112 3.5 37.09 129.92
24 20060429010100 2.5 37.07 129.81
23 20060428235456 2.5 37.12 129.93
22 20060428234755 3.0 37.09 129.92
21 20060419161813 2.1 37.01 129.82
20 20060419160132 2.4 37.10 129.92
19 20060419105756 2.5 37.10 129.91
18 20060419094934 3.0 37.05 129.96
17 20060419093510 2.4 37.07 129.93
16 20060413010947 2.8 34.74 125.01
15 20060403181404 3.3 38.68 125.96
14 20060402000437 2.0 35.38 127.22
13 20060326075450 2.4 35.66 126.26
12 20060323074255 2.5 38.32 127.30
11 20060319140346 2.0 36.33 127.34
10 20060319135947 2.9 36.34 127.36
9 20060315043654 2.4 38.19 125.94
8 20060311045222 2.1 37.13 126.00
7 20060310055717 2.5 33.30 127.15
6 20060228185238 2.3 36.22 127.66
5 20060228001122 2.3 35.81 127.89
4 20060214033202 3.0 38.67 126.03
3 20060121112949 2.1 36.33 127.26
2 20060119225330 2.0 37.19 128.77
1 20060119123534 3.2 37.21 128.80