42 20071228040322 2.7 34.98 129.64
41 20071222095422 2.6 38.63 125.50
40 20071216000435 2.2 35.62 127.80
39 20071119055122 2.1 34.78 126.48
38 20071029023201 2.5 36.62 128.42
37 20071017200626 2.1 36.43 129.57
36 20071016145903 2.9 37.45 128.97
35 20071013041335 2.1 36.44 129.63
34 20071008223654 2.2 38.90 125.76
33 20071006090808 2.5 35.59 125.96
32 20071004235607 2.9 36.43 129.55
31 20071001010244 2.2 36.44 129.54
30 20070924002408 2.6 36.45 129.61
29 20070917011631 3.0 36.45 129.69
28 20070912065059 2.7 36.46 129.47
27 20070830161257 2.9 38.69 125.64
26 20070818150935 2.5 35.99 125.78
25 20070812045231 2.1 36.05 127.74
24 20070807183949 2.4 37.23 128.80
23 20070727013708 2.1 39.16 126.65
22 20070722134927 2.6 36.88 126.66
21 20070719210112 2.2 37.08 129.01
20 20070708192831 2.2 37.37 129.66
19 20070626000123 2.2 35.61 130.15
18 20070528005158 2.1 35.23 128.57
17 20070526195926 2.5 36.10 125.05
16 20070519075325 2.4 36.57 129.00
15 20070516045608 2.5 35.72 129.22
14 20070513162247 2.2 35.92 128.01
13 20070511055151 2.1 35.55 129.91
12 20070503182401 2.1 36.60 127.83
11 20070503122407 2.2 36.13 127.85
10 20070425083640 2.0 36.94 126.53
9 20070401221604 2.3 38.58 125.63
8 20070328024715 2.8 38.64 125.60
7 20070315053012 2.9 36.18 127.97
6 20070310181841 2.0 37.21 128.85
5 20070206003503 2.2 35.13 129.41
4 20070124163156 2.4 38.62 125.59
3 20070120205653 4.8 37.68 128.59
2 20070119090623 2.0 37.69 128.57
1 20070106054716 2.4 39.11 127.98