46 20081229055116 2.2 35.67 126.34
45 20081219215349 2.2 37.36 129.83
44 20081219175339 3.5 36.49 129.68
43 20081218233813 2.3 36.47 129.66
42 20081211193120 2.7 40.38 126.87
41 20081208084943 2.4 35.14 124.62
40 20081207180214 2.3 37.79 125.02
39 20081207022807 2.4 36.45 129.56
38 20081111233754 2.5 38.56 125.66
37 20081111213002 3.0 38.55 125.67
36 20081111212053 3.0 38.54 125.65
35 20081105181231 2.3 37.07 129.11
34 20081029092614 3.4 36.35 127.25
33 20081008110434 2.1 38.12 127.11
32 20080920112401 2.8 34.11 125.02
31 20080913120508 2.5 35.60 126.99
30 20080911104610 2.4 38.08 127.12
29 20080908153505 2.6 34.57 128.25
28 20080904004429 3.0 35.13 125.04
27 20080820144526 2.2 35.72 125.69
26 20080727214848 2.2 34.45 128.08
25 20080727171318 2.4 39.40 126.03
24 20080723192957 3.2 34.49 128.04
23 20080722231126 2.5 35.31 129.74
22 20080704204845 2.5 39.30 127.19
21 20080704193910 2.1 39.26 127.22
20 20080701163250 2.3 35.54 128.82
19 20080630033407 2.3 35.10 124.66
18 20080621233012 2.2 35.57 128.60
17 20080531215930 4.2 33.50 125.69
16 20080526110106 2.6 35.85 130.01
15 20080327162921 2.8 37.78 126.40
14 20080321235729 2.7 35.15 124.57
13 20080315013801 2.0 38.11 127.10
12 20080309180710 2.2 38.75 125.84
11 20080308180500 2.0 35.66 128.80
10 20080229155300 3.2 38.75 126.23
9 20080229053752 2.4 33.57 126.54
8 20080226232248 2.5 35.97 126.56
7 20080226091058 2.6 37.95 124.85
6 20080223181939 2.2 35.82 129.33
5 20080205100612 2.3 38.41 125.90
4 20080116195800 3.9 35.65 125.37
3 20080114180314 2.2 36.19 127.54
2 20080110225155 2.2 35.09 125.06
1 20080101063338 3.2 40.41 127.25