60 20091226105550 2.2 37.87 124.91
59 20091215090213 2.4 36.76 127.10
58 20091215071953 2.3 38.80 125.94
57 20091211131331 2.8 33.69 125.64
56 20091204051453 2.8 36.72 128.55
55 20091127103440 2.4 37.69 129.58
54 20091117053849 2.3 36.07 126.95
53 20091114212757 2.5 34.81 127.93
52 20091114052842 2.4 35.66 126.91
51 20091105043126 2.7 38.42 124.87
50 20091016131224 2.3 33.40 127.29
49 20091004120006 2.5 39.38 126.05
48 20091001213005 2.9 38.12 126.02
47 20090825230829 2.4 37.68 124.68
46 20090821230222 3.8 38.82 125.79
45 20090817152422 2.4 36.54 129.60
44 20090815031812 2.6 36.52 129.61
43 20090730092737 2.6 35.85 126.29
42 20090717131405 2.5 38.45 126.15
41 20090715040449 3.0 35.14 125.10
40 20090701085504 2.6 37.84 124.94
39 20090629115253 2.7 37.14 126.00
38 20090628220748 3.0 35.78 128.29
37 20090625130558 2.2 39.43 126.11
36 20090620211452 2.2 38.03 126.62
35 20090620040550 2.9 37.09 124.74
34 20090606015638 2.4 35.09 125.06
33 20090606004942 2.8 38.63 127.44
32 20090603200938 2.9 38.57 126.50
31 20090603155602 2.4 33.19 126.33
30 20090531152407 2.3 38.60 126.43
29 20090531001058 2.5 33.52 125.85
28 20090526185902 2.2 36.57 129.22
27 20090525181230 2.4 36.95 129.33
26 20090515224131 2.4 36.59 126.41
25 20090514205012 2.2 36.25 127.13
24 20090502122829 2.9 36.57 128.71
23 20090502075828 4.0 36.56 128.71
22 20090429121542 2.9 33.43 127.36
21 20090421174457 2.0 35.45 128.22
20 20090418201901 2.5 33.39 127.07
19 20090414045133 2.5 38.45 125.65
18 20090402202800 3.0 37.60 125.95
17 20090330055817 2.3 36.21 128.08
16 20090326222125 2.9 38.11 127.13
15 20090326023214 2.3 33.38 127.14
14 20090302142026 3.4 37.08 124.65
13 20090226205304 2.2 36.94 129.36
12 20090226150355 2.7 35.03 129.59
11 20090223214716 2.8 37.13 126.01
10 20090219000139 2.3 39.72 126.89
9 20090215224157 3.0 35.76 125.71
8 20090215125705 2.3 35.85 127.72
7 20090212174616 3.2 35.26 127.44
6 20090113190701 3.0 36.47 129.64
5 20090109205322 3.2 38.73 125.82
4 20090105025959 2.1 33.47 127.31
3 20090102081553 2.2 33.94 127.67
2 20090101155810 2.5 36.50 129.08
1 20090101064535 2.1 36.31 128.35