42 20101220065606 2.2 36.93 125.50
41 20101219091126 2.6 37.31 129.38
40 20101128101527 2.3 35.18 127.02
39 20101127075136 2.8 35.95 129.79
38 20101120000717 2.7 36.83 126.76
37 20101107201139 2.8 40.15 128.28
36 20101025123657 2.5 34.29 127.39
35 20101023234344 2.4 39.77 126.70
34 20101022115911 2.5 35.85 128.18
33 20101014180623 2.3 37.14 129.73
32 20101007023340 2.8 35.87 129.79
31 20101004232414 2.8 37.67 129.70
30 20100930020736 2.5 33.41 127.34
29 20100906193243 2.8 36.56 129.01
28 20100828073552 3.2 32.90 126.27
27 20100824035944 2.5 38.71 125.90
26 20100727183241 2.2 36.34 127.26
25 20100706034413 2.3 36.47 127.13
24 20100628121900 2.1 38.75 126.03
23 20100626045909 2.7 32.35 125.88
22 20100622222102 2.6 38.46 125.64
21 20100611130208 2.1 38.78 126.07
20 20100526152216 2.4 37.60 129.68
19 20100515144459 2.2 36.00 127.84
18 20100428144200 2.1 36.55 128.71
17 20100427192916 2.3 36.80 128.75
16 20100416195611 2.2 38.78 126.01
15 20100413021421 2.5 34.02 125.44
14 20100412011827 2.2 34.12 125.66
13 20100404124950 2.3 38.51 126.06
12 20100309125014 3.2 36.42 125.75
11 20100301215803 2.2 38.41 125.62
10 20100222232930 3.0 33.29 127.17
9 20100221211701 2.3 36.75 127.10
8 20100216185332 3.3 35.63 129.95
7 20100209180814 3.0 37.45 126.80
6 20100203205707 2.6 33.33 127.19
5 20100201064217 2.4 33.34 127.18
4 20100201050012 2.3 33.30 127.14
3 20100123175413 2.1 36.59 128.17
2 20100110115808 2.1 38.80 126.07
1 20100105201211 2.6 36.97 126.52