52 20111227215717 3.3 36.86 129.94
51 20111225000125 2.3 37.12 128.99
50 20111214153956 2.0 37.97 125.82
49 20111130003734 2.5 35.98 126.53
48 20111126040356 2.2 34.23 127.67
47 20111102072024 3.0 35.54 130.65
46 20111007190430 2.7 33.34 127.19
45 20110928132004 2.6 38.48 126.26
44 20110926221219 3.3 34.58 128.12
43 20110925125931 2.6 35.58 125.90
42 20110921235924 2.6 35.91 125.21
41 20110908015640 3.2 38.82 126.00
40 20110831193935 2.6 35.70 129.75
39 20110820132253 2.2 38.46 127.83
38 20110820065748 3.0 37.50 124.46
37 20110815061040 3.2 38.47 125.63
36 20110809121104 2.5 35.66 129.76
35 20110728112843 2.2 35.90 129.70
34 20110727143817 2.8 36.55 129.56
33 20110719145450 2.4 37.89 124.67
32 20110713040534 2.1 35.91 128.39
31 20110705021328 2.3 38.58 126.36
30 20110627141138 2.9 35.52 126.14
29 20110617165701 2.4 37.90 124.81
28 20110617163833 4.0 37.89 124.81
27 20110616081345 2.8 33.62 127.27
26 20110615142149 3.7 33.71 127.81
25 20110609151337 2.6 35.91 129.70
24 20110608142139 3.0 35.08 125.30
23 20110605225335 2.5 36.05 127.53
22 20110602105018 2.9 36.70 127.94
21 20110602080957 2.9 33.59 127.26
20 20110529102250 3.2 35.58 128.75
19 20110528154150 2.5 35.93 129.69
18 20110525182947 2.3 33.61 127.28
17 20110511210904 2.2 39.33 126.22
16 20110424163730 3.1 37.85 125.01
15 20110411234819 2.8 39.13 125.87
14 20110411061151 3.1 37.72 129.07
13 20110403014739 2.7 35.77 128.53
12 20110328135029 3.2 35.97 129.95
11 20110324043512 2.8 36.34 127.83
10 20110314144711 2.9 34.62 126.10
9 20110313031202 2.3 37.50 125.33
8 20110312081536 2.6 37.00 125.27
7 20110311095756 2.5 38.51 127.57
6 20110306110439 2.9 38.66 125.67
5 20110227185050 3.5 33.65 125.90
4 20110211192127 2.2 37.19 129.06
3 20110126221553 2.7 33.40 127.33
2 20110121105645 2.2 33.70 127.38
1 20110104012206 2.0 36.41 127.15