56 20121219150502 2.2 35.72 127.22
55 20121122030454 3.0 35.22 127.97
54 20121017143741 2.5 37.54 124.84
53 20121001065124 2.4 36.73 128.40
52 20120928193635 2.1 36.41 128.73
51 20120927222447 2.7 35.40 126.08
50 20120924095910 2.5 38.73 125.48
49 20120920024345 2.4 35.61 129.82
48 20120919145211 2.2 34.66 128.75
47 20120919144925 2.1 34.71 128.72
46 20120918053902 2.7 33.53 125.81
45 20120910220602 2.1 35.82 129.41
44 20120907023446 3.1 36.40 127.25
43 20120818180641 2.2 36.20 125.26
42 20120813005408 2.2 36.84 128.68
41 20120810212513 2.6 35.82 128.39
40 20120729032212 2.7 32.85 126.02
39 20120726192458 3.4 37.98 125.45
38 20120722120441 2.3 34.69 126.60
37 20120714023827 2.6 33.78 124.97
36 20120711193313 2.1 36.87 125.28
35 20120711192730 2.5 36.90 125.27
34 20120709085914 2.4 35.32 128.71
33 20120708094329 2.5 35.72 129.35
32 20120703094207 2.2 37.19 129.08
31 20120624012047 2.1 37.53 124.56
30 20120623164252 2.6 36.70 128.31
29 20120619205524 3.1 33.48 125.93
28 20120614061519 2.1 39.72 126.92
27 20120612175208 2.2 35.87 128.67
26 20120612133437 2.4 37.33 125.27
25 20120612090126 2.1 38.77 125.72
24 20120612034232 2.1 36.32 127.51
23 20120605081841 2.1 38.43 126.16
22 20120601120543 2.6 37.12 125.96
21 20120601080937 2.3 35.92 127.61
20 20120530024811 3.4 36.57 129.57
19 20120516175015 2.7 36.23 128.49
18 20120515110512 2.9 35.92 129.62
17 20120511124604 3.9 36.02 127.71
16 20120502050458 2.1 35.77 126.81
15 20120502013317 3.4 33.69 126.04
14 20120420211102 3.1 33.43 127.26
13 20120417133107 2.6 35.72 126.51
12 20120330145151 2.3 36.49 127.91
11 20120329002653 2.2 35.34 125.95
10 20120318092103 2.5 36.90 130.24
9 20120227002626 2.5 35.15 129.85
8 20120224090532 3.2 35.20 129.93
7 20120224005455 2.4 35.13 129.85
6 20120221223056 2.5 35.13 129.80
5 20120219202129 2.7 35.13 129.89
4 20120124024153 2.2 37.12 125.96
3 20120119154300 2.7 38.51 126.23
2 20120116030354 2.2 36.79 128.75
1 20120101194031 2.0 39.02 125.82